                   pre       rec       spe        f1       geo       iba       sup

         US       0.47      0.44      0.80      0.45      0.59      0.34     18745
         FR       0.00      0.00      1.00      0.00      0.00      0.00      1488
         CA       0.00      0.00      1.00      0.00      0.00      0.00       427
         GB       0.00      0.00      1.00      0.00      0.00      0.00       691
         ES       0.00      0.00      1.00      0.00      0.00      0.00       706
         IT       0.00      0.00      1.00      0.00      0.00      0.00       828
         PT       0.00      0.00      1.00      0.00      0.00      0.00        64
         NL       0.00      0.00      1.00      0.00      0.00      0.00       218
         DE       0.00      0.00      1.00      0.00      0.00      0.00       320
         AU       0.00      0.00      1.00      0.00      0.00      0.00       157
        NDF       0.67      0.84      0.43      0.75      0.60      0.38     37368
      other       0.00      0.00      1.00      0.00      0.00      0.00      3024

avg / total       0.53      0.62      0.61      0.57      0.52      0.32     64036
