              precision    recall  f1-score   support

          US       0.40      0.44      0.42     18745
          FR       0.05      0.01      0.02      1488
          CA       0.01      0.00      0.00       427
          GB       0.01      0.00      0.00       691
          ES       0.02      0.00      0.00       706
          IT       0.03      0.01      0.01       828
          PT       0.00      0.00      0.00        64
          NL       0.00      0.00      0.00       218
          DE       0.00      0.00      0.00       320
          AU       0.00      0.00      0.00       157
         NDF       0.66      0.74      0.70     37368
       other       0.06      0.02      0.03      3024

   micro avg       0.56      0.56      0.56     64036
   macro avg       0.10      0.10      0.10     64036
weighted avg       0.51      0.56      0.53     64036
