              precision    recall  f1-score   support

          US       0.39      0.02      0.04     18764
          FR       0.03      0.01      0.02      1466
          CA       0.00      0.02      0.01       435
          GB       0.00      0.00      0.00       691
          ES       0.01      0.03      0.02       698
          IT       0.02      0.07      0.04       853
          PT       0.00      0.04      0.00        71
          NL       0.00      0.00      0.00       225
          DE       0.01      0.80      0.01       312
          AU       0.00      0.00      0.00       163
         NDF       0.60      0.03      0.06     37318
       other       0.07      0.01      0.01      3040

   micro avg       0.03      0.03      0.03     64036
   macro avg       0.09      0.09      0.02     64036
weighted avg       0.46      0.03      0.05     64036
